1	-1.52190710574411	-1.02383978211111	-0.139353170699529	-1.5880460821564	-0.0739711984933649	-1.2195201516122	-1.07869110817706	0.461499012074448	-0.682697414351428	-1.43346043460953	1.60973943031826	0.889997604431571	1.27428187357614	0.860496616329122	1.2511534992418	0.58626058333045
2	-0.524878198673952	-0.757641438762225	2.43193759188533	-0.00304807309435023	1.84927996233413	1.59892642100266	1.7259057730833	0.461499012074448	-0.305035014922978	2.04596237973892	0.42744493347434	0.889997604431571	0.744180614168467	-0.723426358860766	0.287301914640711	0.339414021928156
3	-1.27264987897657	0.573350277982225	0.0944005349900036	-1.5880460821564	-0.843271662824363	0.189703134695231	-0.568764402493361	0.237219118356025	-0.305035014922978	0.44007492696271	-0.754849563369578	0.527018189290852	0.214079354760792	-0.723426358860766	-0.997833531494081	-0.894818785083319
4	0.721407935163743	0.573350277982225	0.328154240679536	0.31395152871806	-0.0739711984933649	0.894314777848947	-0.0588376968096581	0.0129392246376013	0.0726273845054711	0.44007492696271	-1.22776736210715	0.889997604431571	1.0092312438723	-1.11940710265824	-1.31911739302778	-1.14166534648561
5	-1.02339265220903	-1.29003812546	-0.840614287768126	-0.32004767490676	-0.843271662824363	-0.867214330035342	-1.07869110817706	-1.33274013767294	-1.06035981377988	-0.898164617017461	0.42744493347434	0.527018189290852	1.27428187357614	0.46451587253165	-1.31911739302778	-1.14166534648561
6	-0.774135425441491	-1.82243481215778	-0.840614287768126	-1.5880460821564	-0.843271662824363	-0.867214330035342	-0.823727755335213	-1.10846024395452	-0.682697414351428	-1.43346043460953	-0.0454728652632275	0.527018189290852	0.47912998446463	-0.327445615063294	0.287301914640711	-0.154279100876434
8	0.721407935163743	1.37194530802889	-0.606860582078594	0.94795073234288	-0.458621430658864	-0.867214330035342	-0.568764402493361	-0.884180350236092	-1.06035981377988	-0.0952208906293584	0.663903832843123	0.527018189290852	1.0092312438723	-0.327445615063294	-0.0339819468929873	-0.401125662278729
9	0.472150708396204	-0.225244752064445	-0.840614287768126	0.94795073234288	-0.843271662824363	-1.2195201516122	-1.07869110817706	-1.10846024395452	-0.305035014922978	-0.898164617017461	-0.991308462738362	-1.65085830155346	-1.1111737937584	-0.723426358860766	-1.96168511609517	-1.14166534648561
10	-0.275620971906413	-0.491443095413335	-0.373106876389061	0.63095113053047	-0.0739711984933649	1.59892642100266	1.7259057730833	0.685778905792871	0.450289783933921	1.51066656214685	-1.46422626147593	0.164038774150133	-1.1111737937584	-1.91136859025318	-1.64040125456148	-1.6353584692902
11	-1.77116433251165	-1.82243481215778	-0.373106876389061	-1.5880460821564	-0.843271662824363	-1.2195201516122	-1.07869110817706	-0.211340669080822	-1.06035981377988	-1.43346043460953	1.13682163158069	1.25297701957229	1.27428187357614	0.068535128734178	1.2511534992418	1.07995370613504
12	1.7184368422339	0.839548621331115	-0.840614287768126	1.26495033415529	-0.458621430658864	0.542008956272089	0.706052361715897	0.910058799511294	1.20561458279082	0.707722835758745	0.663903832843123	-0.561920056131306	-1.37622442346223	0.46451587253165	0.929869637708106	0.339414021928156
13	0.970665161931282	0.307151934633335	-0.139353170699529	0.63095113053047	-0.843271662824363	0.894314777848947	1.98086912592515	-0.659900456517669	0.0726273845054711	1.51066656214685	-0.281931764632011	0.164038774150133	-0.0509712749430458	0.860496616329122	-0.676549669960383	-0.894818785083319
14	-1.77116433251165	0.573350277982225	0.0944005349900036	-0.63704727671917	-0.0739711984933649	-0.867214330035342	-1.07869110817706	-0.659900456517669	-0.682697414351428	-1.70110834340556	1.84619832968704	0.889997604431571	1.27428187357614	1.65245810392407	1.2511534992418	1.32680026753734
15	0.721407935163743	-0.491443095413335	-0.606860582078594	-0.954046878531581	-0.0739711984933649	0.894314777848947	1.2159790673996	0.237219118356025	-0.682697414351428	0.44007492696271	1.60973943031826	-0.561920056131306	1.0092312438723	0.860496616329122	0.608585776174409	-0.401125662278729
16	-1.02339265220903	-0.225244752064445	-0.606860582078594	-1.5880460821564	-0.843271662824363	-0.162602686881627	-0.568764402493361	-1.10846024395452	-0.682697414351428	-1.43346043460953	1.13682163158069	0.527018189290852	1.0092312438723	0.068535128734178	0.929869637708106	0.339414021928156
17	-0.774135425441491	-0.491443095413335	2.43193759188533	-2.22204528578122	3.00323065883063	0.189703134695231	-0.823727755335213	2.9285778429771	3.09392657993307	0.707722835758745	1.84619832968704	-0.198940640990587	-0.581072534350721	1.25647736012659	1.2511534992418	2.31418651314652
18	0.222893481628665	0.307151934633335	0.328154240679536	0.94795073234288	1.46462973016863	1.59892642100266	1.2159790673996	0.461499012074448	0.0726273845054711	1.24301865335081	-1.70068516084471	-0.561920056131306	-2.17137631257375	-0.723426358860766	0.287301914640711	0.58626058333045
19	1.7184368422339	0.307151934633335	-0.606860582078594	0.94795073234288	-0.458621430658864	-0.514908508458485	-0.0588376968096581	0.237219118356025	-0.305035014922978	-0.0952208906293584	0.663903832843123	-0.198940640990587	0.47912998446463	0.860496616329122	1.2511534992418	1.32680026753734
20	0.222893481628665	1.37194530802889	-0.139353170699529	-0.00304807309435023	-0.843271662824363	0.189703134695231	-0.0588376968096581	-1.33274013767294	-1.06035981377988	0.707722835758745	1.37328053094947	0.527018189290852	1.27428187357614	1.25647736012659	1.2511534992418	1.82049339034193
21	-0.774135425441491	-1.29003812546	-0.606860582078594	-2.22204528578122	-1.22792189498986	-1.2195201516122	-1.07869110817706	0.685778905792871	0.82795218336237	-0.898164617017461	-0.281931764632011	-0.561920056131306	0.47912998446463	-0.723426358860766	0.287301914640711	0.339414021928156
22	0.970665161931282	-0.491443095413335	-0.840614287768126	0.63095113053047	-0.843271662824363	-0.867214330035342	-0.0588376968096581	0.910058799511294	-0.305035014922978	-1.1658125258135	-0.754849563369578	0.164038774150133	0.744180614168467	-0.327445615063294	-0.0339819468929873	-0.647972223681024
24	-1.77116433251165	-0.757641438762225	2.89944500326439	0.31395152871806	2.61858042666513	2.30353806415638	1.98086912592515	2.70429794925868	2.33860178107617	1.51066656214685	1.13682163158069	0.889997604431571	0.744180614168467	-1.11940710265824	1.2511534992418	2.06733995174422
25	-1.77116433251165	0.839548621331115	1.4969227691272	-2.22204528578122	1.07997949800313	-1.2195201516122	-1.07869110817706	-1.10846024395452	-1.06035981377988	-1.43346043460953	1.13682163158069	1.25297701957229	1.27428187357614	1.25647736012659	1.5724373607755	1.82049339034193
26	-0.0263637451388741	-0.225244752064445	-0.373106876389061	0.63095113053047	-1.22792189498986	-0.162602686881627	-0.568764402493361	-0.211340669080822	-0.682697414351428	-1.1658125258135	-1.70068516084471	0.889997604431571	-0.316021904646883	-1.11940710265824	0.287301914640711	-0.401125662278729
27	0.970665161931282	-0.225244752064445	-1.07436799345766	0.63095113053047	-0.843271662824363	0.542008956272089	-0.823727755335213	-0.435620562799245	0.0726273845054711	-0.898164617017461	0.190986034105556	-2.01383771669418	-1.1111737937584	-1.91136859025318	-0.0339819468929873	-0.154279100876434
28	0.222893481628665	2.17054033807556	0.561907946369069	-0.32004767490676	2.23393019449963	0.894314777848947	1.47094242024145	0.461499012074448	1.96093938164772	1.51066656214685	1.13682163158069	1.25297701957229	1.0092312438723	0.46451587253165	-0.355265808426685	0.833107144732745
29	1.21992238869882	1.10574696468	-0.840614287768126	1.26495033415529	-0.843271662824363	-0.514908508458485	-0.568764402493361	0.237219118356025	-0.682697414351428	0.172427018166676	0.42744493347434	0.164038774150133	0.47912998446463	-0.723426358860766	-0.997833531494081	-1.14166534648561
30	0.222893481628665	-0.225244752064445	0.795661652058601	0.94795073234288	1.07997949800313	-0.514908508458485	-0.568764402493361	0.237219118356025	-0.682697414351428	-0.898164617017461	-0.0454728652632275	0.164038774150133	0.744180614168467	0.46451587253165	-0.0339819468929873	0.0925674605258606
31	-0.774135425441491	0.573350277982225	-0.139353170699529	-0.00304807309435023	-0.0739711984933649	-0.514908508458485	0.196125656032193	1.80717837438499	0.82795218336237	0.975370744554779	1.37328053094947	0.527018189290852	-0.581072534350721	2.04843884772154	-0.355265808426685	1.07995370613504
32	-0.774135425441491	0.307151934633335	-0.606860582078594	0.31395152871806	-0.843271662824363	1.59892642100266	0.706052361715897	0.237219118356025	1.20561458279082	0.707722835758745	-0.281931764632011	0.527018189290852	0.214079354760792	-1.51538784645571	-1.31911739302778	-0.894818785083319
33	-0.0263637451388741	0.839548621331115	0.328154240679536	0.31395152871806	-0.843271662824363	-0.514908508458485	-0.823727755335213	0.0129392246376013	0.450289783933921	0.707722835758745	-1.70068516084471	-0.198940640990587	0.214079354760792	-0.327445615063294	-0.355265808426685	-0.647972223681024
34	0.222893481628665	1.37194530802889	0.561907946369069	0.94795073234288	1.84927996233413	0.189703134695231	0.451089008874045	-0.211340669080822	0.450289783933921	0.172427018166676	1.13682163158069	0.164038774150133	0.47912998446463	1.25647736012659	-0.0339819468929873	0.58626058333045
35	0.222893481628665	1.37194530802889	-0.840614287768126	0.94795073234288	-0.843271662824363	-0.162602686881627	-0.31380104965151	-1.10846024395452	-1.06035981377988	1.24301865335081	0.42744493347434	0.527018189290852	0.214079354760792	0.068535128734178	0.287301914640711	0.0925674605258606
36	1.7184368422339	0.839548621331115	-0.840614287768126	0.94795073234288	-0.0739711984933649	3.00814970731009	1.47094242024145	0.237219118356025	0.82795218336237	1.77831447094288	0.190986034105556	-0.924899471272025	-1.37622442346223	0.068535128734178	-0.997833531494081	-1.14166534648561
37	-0.524878198673952	-0.225244752064445	1.26316906343767	-1.5880460821564	0.310679033672134	-0.162602686881627	1.47094242024145	0.237219118356025	-1.06035981377988	0.707722835758745	0.190986034105556	-2.01383771669418	-1.37622442346223	1.25647736012659	-1.96168511609517	-0.401125662278729
40	-0.275620971906413	1.10574696468	0.0944005349900036	-0.00304807309435023	-0.843271662824363	-0.514908508458485	-0.0588376968096581	-0.435620562799245	-0.305035014922978	0.44007492696271	-0.0454728652632275	0.527018189290852	-0.0509712749430458	1.25647736012659	-0.355265808426685	0.339414021928156
41	-1.02339265220903	1.10574696468	-0.373106876389061	-1.5880460821564	-0.458621430658864	-0.867214330035342	-0.823727755335213	0.0129392246376013	0.82795218336237	-1.70110834340556	0.42744493347434	1.25297701957229	1.27428187357614	0.46451587253165	0.929869637708106	0.339414021928156
42	1.96769406900144	1.63814365137778	-0.373106876389061	0.94795073234288	-0.0739711984933649	1.2466205994258	0.451089008874045	0.461499012074448	0.82795218336237	1.24301865335081	-1.22776736210715	0.164038774150133	0.744180614168467	-1.91136859025318	0.929869637708106	-0.401125662278729
43	0.222893481628665	-1.55623646880889	-0.840614287768126	-0.00304807309435023	-0.843271662824363	0.189703134695231	1.7259057730833	-0.211340669080822	0.82795218336237	0.172427018166676	-0.281931764632011	-0.924899471272025	-0.316021904646883	-0.723426358860766	-0.355265808426685	-0.401125662278729
44	-0.275620971906413	-0.491443095413335	-0.840614287768126	0.94795073234288	-0.458621430658864	-0.162602686881627	-0.31380104965151	-1.33274013767294	-0.682697414351428	-0.362868799425393	-1.70068516084471	-0.561920056131306	-0.846123164054559	-0.327445615063294	-0.355265808426685	-0.401125662278729
45	-0.275620971906413	0.0409535912844447	1.4969227691272	-0.63704727671917	1.46462973016863	-0.867214330035342	0.451089008874045	1.58289848066656	0.82795218336237	0.44007492696271	0.190986034105556	0.164038774150133	0.214079354760792	-0.723426358860766	-1.31911739302778	-0.154279100876434
46	0.721407935163743	-0.225244752064445	-0.606860582078594	0.63095113053047	-0.458621430658864	1.59892642100266	3.25568589013441	-0.211340669080822	0.450289783933921	-0.898164617017461	-1.9371440602135	-2.01383771669418	-1.64127505316607	-0.723426358860766	0.929869637708106	1.07995370613504
47	-1.27264987897657	0.0409535912844447	0.0944005349900036	-0.32004767490676	0.695329265837633	0.542008956272089	0.961015714557748	0.237219118356025	-0.682697414351428	0.172427018166676	0.190986034105556	-0.561920056131306	-0.316021904646883	0.860496616329122	-0.355265808426685	-0.647972223681024
49	-1.52190710574411	-1.82243481215778	0.795661652058601	-1.90504568396881	-0.458621430658864	-1.2195201516122	-1.07869110817706	-1.10846024395452	-1.06035981377988	-1.43346043460953	1.37328053094947	0.889997604431571	0.744180614168467	1.65245810392407	-1.96168511609517	-0.401125662278729
50	-1.27264987897657	-0.225244752064445	0.795661652058601	0.94795073234288	1.07997949800313	-0.514908508458485	-0.823727755335213	-0.659900456517669	-0.305035014922978	-1.70110834340556	-0.281931764632011	1.25297701957229	0.744180614168467	0.860496616329122	1.2511534992418	0.339414021928156
52	-0.275620971906413	-1.02383978211111	-0.840614287768126	0.31395152871806	-0.458621430658864	-0.514908508458485	-0.568764402493361	-0.884180350236092	-0.305035014922978	-1.70110834340556	-1.22776736210715	-0.198940640990587	-0.0509712749430458	0.068535128734178	1.2511534992418	0.0925674605258606
53	-0.774135425441491	0.307151934633335	0.0944005349900036	0.31395152871806	-0.458621430658864	-1.2195201516122	-0.31380104965151	-0.211340669080822	-1.06035981377988	0.44007492696271	0.900362732211907	1.25297701957229	0.744180614168467	0.46451587253165	0.608585776174409	0.833107144732745
54	0.970665161931282	1.10574696468	2.1981838861958	-0.00304807309435023	1.84927996233413	-0.867214330035342	-1.07869110817706	-0.435620562799245	0.450289783933921	0.707722835758745	0.900362732211907	-0.924899471272025	-0.581072534350721	0.860496616329122	-0.676549669960383	-0.647972223681024
55	0.222893481628665	0.0409535912844447	-0.139353170699529	-0.32004767490676	0.310679033672134	0.189703134695231	-0.31380104965151	1.35861858694814	-0.305035014922978	-0.362868799425393	-0.281931764632011	-1.65085830155346	-0.581072534350721	0.068535128734178	0.608585776174409	0.339414021928156
56	-1.77116433251165	-1.02383978211111	1.96443018050626	-1.5880460821564	3.00323065883063	-0.867214330035342	-0.568764402493361	0.237219118356025	-0.305035014922978	-0.362868799425393	-0.754849563369578	-0.561920056131306	0.47912998446463	-1.11940710265824	-1.64040125456148	-0.647972223681024
57	0.222893481628665	-1.55623646880889	-0.139353170699529	0.63095113053047	-0.458621430658864	-0.514908508458485	-0.568764402493361	-0.659900456517669	-0.682697414351428	0.172427018166676	0.663903832843123	0.889997604431571	-0.316021904646883	0.46451587253165	-0.676549669960383	-0.647972223681024
58	0.472150708396204	0.573350277982225	0.0944005349900036	0.63095113053047	0.695329265837633	0.542008956272089	-0.823727755335213	1.13433869322972	0.0726273845054711	0.707722835758745	-0.0454728652632275	-0.561920056131306	-1.1111737937584	0.860496616329122	0.929869637708106	0.58626058333045
59	1.96769406900144	1.37194530802889	-0.373106876389061	-0.00304807309435023	-0.0739711984933649	-0.514908508458485	-0.568764402493361	0.910058799511294	2.33860178107617	-0.630516708221427	1.37328053094947	0.527018189290852	1.0092312438723	1.25647736012659	-0.355265808426685	0.0925674605258606
60	-1.02339265220903	0.307151934633335	0.328154240679536	-0.32004767490676	0.695329265837633	-0.867214330035342	-0.0588376968096581	1.13433869322972	0.82795218336237	-0.0952208906293584	-0.0454728652632275	1.25297701957229	1.27428187357614	-0.327445615063294	0.608585776174409	0.58626058333045
61	0.970665161931282	-0.225244752064445	-1.07436799345766	1.26495033415529	-0.843271662824363	0.894314777848947	-0.0588376968096581	-1.10846024395452	-0.305035014922978	-0.898164617017461	0.900362732211907	1.25297701957229	1.53933250327998	0.860496616329122	1.5724373607755	1.57364682893963
62	-0.524878198673952	0.839548621331115	0.561907946369069	-0.00304807309435023	0.310679033672134	-0.514908508458485	0.196125656032193	0.461499012074448	1.58327698221927	0.44007492696271	0.190986034105556	0.164038774150133	0.47912998446463	0.860496616329122	-0.997833531494081	-0.401125662278729
63	1.46917961546636	0.307151934633335	-1.07436799345766	0.31395152871806	-0.843271662824363	-0.867214330035342	-1.07869110817706	-1.10846024395452	-1.06035981377988	-1.70110834340556	0.190986034105556	-1.28787888641274	0.214079354760792	-1.51538784645571	-0.676549669960383	-0.894818785083319
64	-1.52190710574411	-1.55623646880889	-0.840614287768126	-1.27104648034399	-0.843271662824363	-1.2195201516122	-0.823727755335213	-1.10846024395452	-0.682697414351428	-1.43346043460953	-1.70068516084471	-0.924899471272025	0.214079354760792	-0.723426358860766	-0.676549669960383	-1.14166534648561
65	-0.774135425441491	1.63814365137778	1.4969227691272	0.31395152871806	1.46462973016863	0.542008956272089	0.961015714557748	0.685778905792871	1.20561458279082	-0.630516708221427	0.900362732211907	0.889997604431571	0.214079354760792	2.04843884772154	-0.0339819468929873	1.57364682893963
66	-0.0263637451388741	-1.82243481215778	2.1981838861958	-0.32004767490676	1.07997949800313	1.2466205994258	0.706052361715897	0.0129392246376013	0.450289783933921	0.44007492696271	-0.518390664000795	0.889997604431571	1.27428187357614	-1.11940710265824	-0.355265808426685	0.339414021928156
67	0.222893481628665	-0.225244752064445	-0.373106876389061	0.63095113053047	-0.843271662824363	0.894314777848947	1.47094242024145	-0.211340669080822	0.450289783933921	-0.362868799425393	-0.991308462738362	-2.3768171318349	-2.70147757198142	-0.723426358860766	-0.676549669960383	-0.894818785083319
68	-0.0263637451388741	1.10574696468	-0.373106876389061	-0.63704727671917	0.695329265837633	-0.867214330035342	-0.568764402493361	0.0129392246376013	0.450289783933921	-1.70110834340556	-0.754849563369578	0.527018189290852	-0.316021904646883	-0.327445615063294	0.929869637708106	0.339414021928156
69	0.472150708396204	1.90434199472667	-0.840614287768126	0.94795073234288	-0.843271662824363	0.542008956272089	0.196125656032193	-0.435620562799245	0.0726273845054711	0.707722835758745	0.900362732211907	1.25297701957229	0.47912998446463	-0.327445615063294	-0.355265808426685	-0.647972223681024
70	0.970665161931282	0.839548621331115	1.26316906343767	1.5819499359677	0.695329265837633	0.542008956272089	0.451089008874045	1.58289848066656	0.82795218336237	0.44007492696271	0.900362732211907	1.25297701957229	0.214079354760792	-0.723426358860766	1.2511534992418	2.06733995174422
71	1.21992238869882	0.307151934633335	-0.606860582078594	0.94795073234288	-0.458621430658864	0.189703134695231	-0.0588376968096581	0.685778905792871	0.82795218336237	0.975370744554779	0.190986034105556	-2.01383771669418	-0.846123164054559	0.068535128734178	-0.0339819468929873	0.339414021928156
72	0.970665161931282	1.37194530802889	-0.606860582078594	0.94795073234288	-0.458621430658864	1.95123224257952	-0.0588376968096581	0.237219118356025	-0.305035014922978	0.975370744554779	-0.518390664000795	-0.561920056131306	-2.17137631257375	0.068535128734178	0.929869637708106	0.0925674605258606
73	-1.02339265220903	-0.757641438762225	-0.373106876389061	0.63095113053047	-0.458621430658864	-0.514908508458485	-0.823727755335213	-0.659900456517669	-1.06035981377988	-0.0952208906293584	-1.22776736210715	-0.561920056131306	-0.581072534350721	-0.723426358860766	0.929869637708106	-0.894818785083319
74	1.21992238869882	0.307151934633335	-1.07436799345766	0.94795073234288	-0.0739711984933649	0.894314777848947	-0.0588376968096581	0.0129392246376013	0.82795218336237	-0.362868799425393	-0.991308462738362	0.164038774150133	-0.0509712749430458	-0.723426358860766	1.5724373607755	1.32680026753734
75	1.21992238869882	-0.757641438762225	-1.07436799345766	1.26495033415529	-0.843271662824363	0.894314777848947	1.2159790673996	-1.33274013767294	-0.305035014922978	-0.362868799425393	-0.991308462738362	-0.561920056131306	-0.581072534350721	-0.327445615063294	-0.0339819468929873	-0.894818785083319
76	-1.02339265220903	0.839548621331115	1.96443018050626	-0.32004767490676	-0.0739711984933649	-0.162602686881627	-0.568764402493361	2.48001805554026	3.09392657993307	1.24301865335081	1.60973943031826	1.25297701957229	0.47912998446463	0.860496616329122	1.2511534992418	1.57364682893963
77	0.222893481628665	0.0409535912844447	-0.840614287768126	1.26495033415529	-0.843271662824363	0.542008956272089	-0.0588376968096581	-0.435620562799245	-1.06035981377988	0.172427018166676	0.42744493347434	0.527018189290852	-0.316021904646883	0.860496616329122	0.929869637708106	0.0925674605258606
78	-0.524878198673952	-2.08863315550667	-0.840614287768126	0.63095113053047	-0.458621430658864	-0.162602686881627	0.706052361715897	-1.10846024395452	-1.06035981377988	-0.898164617017461	-0.991308462738362	-1.28787888641274	-0.316021904646883	-0.327445615063294	-0.0339819468929873	-0.401125662278729
79	-0.774135425441491	-1.02383978211111	-0.373106876389061	-0.954046878531581	-0.458621430658864	-0.867214330035342	-0.823727755335213	-0.884180350236092	-0.682697414351428	-0.362868799425393	-0.281931764632011	0.527018189290852	0.47912998446463	-0.327445615063294	-0.676549669960383	-1.14166534648561
81	-1.02339265220903	-1.55623646880889	1.4969227691272	-1.27104648034399	0.310679033672134	0.189703134695231	-0.0588376968096581	1.35861858694814	0.450289783933921	-0.362868799425393	-1.22776736210715	1.25297701957229	-0.316021904646883	-1.11940710265824	-0.997833531494081	-0.401125662278729
83	-0.275620971906413	0.839548621331115	0.0944005349900036	-0.00304807309435023	-0.0739711984933649	-1.2195201516122	-1.07869110817706	-1.10846024395452	-1.06035981377988	-1.43346043460953	0.900362732211907	0.889997604431571	1.27428187357614	1.25647736012659	-0.0339819468929873	-0.401125662278729
84	-0.774135425441491	0.573350277982225	-1.07436799345766	-0.63704727671917	-0.0739711984933649	0.542008956272089	-0.568764402493361	-0.435620562799245	-0.682697414351428	0.172427018166676	0.42744493347434	-0.198940640990587	-0.316021904646883	0.068535128734178	-0.997833531494081	-0.647972223681024
86	-0.0263637451388741	0.573350277982225	0.795661652058601	0.31395152871806	0.695329265837633	0.542008956272089	1.2159790673996	1.13433869322972	0.82795218336237	0.975370744554779	0.42744493347434	-0.198940640990587	-0.316021904646883	-0.327445615063294	0.929869637708106	2.06733995174422
87	-0.275620971906413	1.37194530802889	-0.139353170699529	-0.32004767490676	-0.458621430658864	-1.2195201516122	-0.823727755335213	-0.884180350236092	-0.682697414351428	-0.0952208906293584	-0.281931764632011	0.164038774150133	-0.316021904646883	-1.51538784645571	1.2511534992418	1.57364682893963
88	1.46917961546636	-0.225244752064445	-0.840614287768126	1.26495033415529	-0.458621430658864	0.542008956272089	0.451089008874045	1.13433869322972	1.96093938164772	0.975370744554779	1.37328053094947	0.527018189290852	0.47912998446463	0.46451587253165	1.2511534992418	1.32680026753734
89	1.21992238869882	-0.225244752064445	-1.07436799345766	0.63095113053047	-0.843271662824363	-0.514908508458485	-0.31380104965151	-0.884180350236092	-0.682697414351428	-0.630516708221427	-0.281931764632011	-2.3768171318349	-2.43642694227758	-0.327445615063294	-1.96168511609517	-1.6353584692902
90	1.21992238869882	-0.225244752064445	-0.373106876389061	-0.954046878531581	-0.0739711984933649	-0.867214330035342	-0.823727755335213	-0.435620562799245	-1.06035981377988	0.707722835758745	-0.0454728652632275	0.889997604431571	0.744180614168467	0.068535128734178	-0.0339819468929873	0.0925674605258606
91	1.7184368422339	1.10574696468	-0.606860582078594	-0.00304807309435023	-0.458621430658864	-0.867214330035342	-0.823727755335213	-1.33274013767294	-1.06035981377988	-1.1658125258135	-0.0454728652632275	0.164038774150133	0.214079354760792	1.25647736012659	1.2511534992418	0.833107144732745
92	0.472150708396204	0.0409535912844447	1.02941535774813	0.31395152871806	0.695329265837633	3.00814970731009	3.51064924297626	2.70429794925868	1.96093938164772	2.84890610612702	-1.22776736210715	-2.3768171318349	-2.96652820168526	-0.327445615063294	-0.355265808426685	-0.894818785083319
93	0.970665161931282	0.307151934633335	-1.07436799345766	1.5819499359677	-0.843271662824363	-0.867214330035342	-0.823727755335213	-0.435620562799245	0.450289783933921	-0.362868799425393	0.190986034105556	0.164038774150133	-0.0509712749430458	0.068535128734178	1.2511534992418	-0.154279100876434
94	-1.52190710574411	-0.491443095413335	-0.840614287768126	-1.27104648034399	-0.458621430658864	-1.2195201516122	-1.07869110817706	-0.884180350236092	-1.06035981377988	-1.70110834340556	1.13682163158069	1.25297701957229	1.27428187357614	1.65245810392407	1.5724373607755	1.32680026753734
95	1.21992238869882	0.839548621331115	-0.840614287768126	0.63095113053047	-0.458621430658864	-0.867214330035342	-1.07869110817706	0.0129392246376013	-0.305035014922978	0.44007492696271	0.663903832843123	0.164038774150133	0.744180614168467	1.25647736012659	0.608585776174409	0.58626058333045
96	0.721407935163743	0.573350277982225	-1.07436799345766	0.94795073234288	-0.458621430658864	0.189703134695231	0.196125656032193	-0.435620562799245	-0.305035014922978	-0.630516708221427	0.190986034105556	0.889997604431571	1.0092312438723	0.46451587253165	0.929869637708106	0.58626058333045
97	-0.774135425441491	0.573350277982225	0.795661652058601	-1.27104648034399	-0.458621430658864	0.189703134695231	0.196125656032193	-0.211340669080822	-1.06035981377988	-0.0952208906293584	-0.281931764632011	-0.561920056131306	-0.316021904646883	-1.91136859025318	-1.31911739302778	-1.38851190788791
98	-1.02339265220903	-1.82243481215778	3.13319870895393	-0.00304807309435023	3.00323065883063	2.65584388573324	2.74575918445071	2.9285778429771	2.71626418050462	1.51066656214685	-0.0454728652632275	0.889997604431571	0.47912998446463	0.068535128734178	0.287301914640711	1.57364682893963
99	-1.52190710574411	-1.55623646880889	1.96443018050626	-0.00304807309435023	2.23393019449963	0.542008956272089	0.961015714557748	1.35861858694814	-0.682697414351428	0.44007492696271	-2.17360295958228	-0.924899471272025	-0.0509712749430458	-1.91136859025318	-0.997833531494081	-1.6353584692902
101	-1.52190710574411	-1.82243481215778	0.795661652058601	-1.90504568396881	1.07997949800313	-0.867214330035342	-0.823727755335213	0.0129392246376013	-0.682697414351428	-0.0952208906293584	1.37328053094947	0.889997604431571	1.0092312438723	1.65245810392407	-1.64040125456148	-0.401125662278729
102	0.222893481628665	-1.02383978211111	0.561907946369069	-0.32004767490676	0.695329265837633	0.542008956272089	0.961015714557748	0.237219118356025	0.450289783933921	-0.0952208906293584	1.13682163158069	-0.561920056131306	-0.316021904646883	0.068535128734178	-0.676549669960383	0.339414021928156
103	-0.524878198673952	-1.29003812546	-0.840614287768126	-0.32004767490676	-0.843271662824363	-0.162602686881627	0.451089008874045	-1.33274013767294	-1.06035981377988	-0.362868799425393	-0.518390664000795	-0.198940640990587	-1.37622442346223	0.068535128734178	-0.676549669960383	-1.38851190788791
104	1.46917961546636	-0.491443095413335	-1.07436799345766	1.5819499359677	-0.843271662824363	-1.2195201516122	-0.31380104965151	-1.10846024395452	-1.06035981377988	0.172427018166676	-2.17360295958228	-2.73979654697562	-2.43642694227758	-2.30734933405065	1.2511534992418	0.58626058333045
105	-0.275620971906413	-1.02383978211111	-0.373106876389061	-0.00304807309435023	-0.0739711984933649	0.542008956272089	-0.823727755335213	-0.884180350236092	-1.06035981377988	0.44007492696271	-0.754849563369578	-1.65085830155346	-1.37622442346223	-0.723426358860766	-1.64040125456148	-1.38851190788791
106	-0.0263637451388741	0.0409535912844447	-0.373106876389061	0.63095113053047	-0.458621430658864	-0.514908508458485	0.451089008874045	-0.659900456517669	0.450289783933921	0.707722835758745	-0.281931764632011	-0.924899471272025	-1.1111737937584	1.25647736012659	0.287301914640711	1.07995370613504
107	-1.02339265220903	-1.29003812546	-0.139353170699529	-2.22204528578122	-0.458621430658864	-0.514908508458485	-0.568764402493361	-1.33274013767294	-1.06035981377988	-1.1658125258135	-0.518390664000795	0.527018189290852	0.214079354760792	0.46451587253165	-0.0339819468929873	-1.14166534648561
108	0.472150708396204	-1.02383978211111	-0.840614287768126	0.31395152871806	-0.458621430658864	0.189703134695231	0.196125656032193	0.685778905792871	0.450289783933921	0.172427018166676	-1.9371440602135	-0.924899471272025	-0.316021904646883	-1.91136859025318	-0.355265808426685	-0.894818785083319
109	0.970665161931282	0.573350277982225	0.0944005349900036	1.26495033415529	-0.458621430658864	0.189703134695231	0.196125656032193	-0.884180350236092	-0.305035014922978	-0.0952208906293584	-0.754849563369578	0.889997604431571	1.27428187357614	-0.327445615063294	0.287301914640711	-0.894818785083319
110	0.472150708396204	1.63814365137778	-0.840614287768126	0.63095113053047	-0.458621430658864	1.95123224257952	0.196125656032193	-0.211340669080822	-0.305035014922978	2.04596237973892	1.37328053094947	0.164038774150133	0.47912998446463	0.860496616329122	0.608585776174409	0.339414021928156
111	-0.0263637451388741	-0.225244752064445	0.328154240679536	-1.90504568396881	-0.458621430658864	-0.867214330035342	-1.07869110817706	0.461499012074448	0.450289783933921	0.44007492696271	-0.518390664000795	-0.198940640990587	-1.37622442346223	-1.51538784645571	-0.355265808426685	-0.154279100876434
112	0.721407935163743	0.0409535912844447	-0.373106876389061	-0.32004767490676	-0.843271662824363	-0.867214330035342	-0.823727755335213	-0.659900456517669	-1.06035981377988	0.707722835758745	-0.991308462738362	-0.198940640990587	-0.0509712749430458	-0.327445615063294	-1.64040125456148	-1.6353584692902
113	0.970665161931282	0.573350277982225	-0.139353170699529	-0.00304807309435023	-0.0739711984933649	-0.867214330035342	-0.31380104965151	-0.211340669080822	0.0726273845054711	0.707722835758745	-0.754849563369578	-1.28787888641274	-1.1111737937584	0.860496616329122	-1.64040125456148	-1.38851190788791
114	0.472150708396204	0.307151934633335	0.795661652058601	-0.32004767490676	1.84927996233413	-0.514908508458485	-0.823727755335213	0.685778905792871	0.450289783933921	-0.362868799425393	0.663903832843123	0.889997604431571	0.47912998446463	0.46451587253165	-1.31911739302778	-1.8822050306925
