1	-1.52190710574411	-1.02383978211111	-0.139353170699529	-1.5880460821564	-0.0739711984933649
2	-0.524878198673952	-0.757641438762225	2.43193759188533	-0.00304807309435023	1.84927996233413
3	-1.27264987897657	0.573350277982225	0.0944005349900036	-1.5880460821564	-0.843271662824363
4	0.721407935163743	0.573350277982225	0.328154240679536	0.31395152871806	-0.0739711984933649
5	-1.02339265220903	-1.29003812546	-0.840614287768126	-0.32004767490676	-0.843271662824363
6	-0.774135425441491	-1.82243481215778	-0.840614287768126	-1.5880460821564	-0.843271662824363
8	0.721407935163743	1.37194530802889	-0.606860582078594	0.94795073234288	-0.458621430658864
9	0.472150708396204	-0.225244752064445	-0.840614287768126	0.94795073234288	-0.843271662824363
10	-0.275620971906413	-0.491443095413335	-0.373106876389061	0.63095113053047	-0.0739711984933649
11	-1.77116433251165	-1.82243481215778	-0.373106876389061	-1.5880460821564	-0.843271662824363
12	1.7184368422339	0.839548621331115	-0.840614287768126	1.26495033415529	-0.458621430658864
13	0.970665161931282	0.307151934633335	-0.139353170699529	0.63095113053047	-0.843271662824363
14	-1.77116433251165	0.573350277982225	0.0944005349900036	-0.63704727671917	-0.0739711984933649
15	0.721407935163743	-0.491443095413335	-0.606860582078594	-0.954046878531581	-0.0739711984933649
16	-1.02339265220903	-0.225244752064445	-0.606860582078594	-1.5880460821564	-0.843271662824363
17	-0.774135425441491	-0.491443095413335	2.43193759188533	-2.22204528578122	3.00323065883063
18	0.222893481628665	0.307151934633335	0.328154240679536	0.94795073234288	1.46462973016863
19	1.7184368422339	0.307151934633335	-0.606860582078594	0.94795073234288	-0.458621430658864
20	0.222893481628665	1.37194530802889	-0.139353170699529	-0.00304807309435023	-0.843271662824363
21	-0.774135425441491	-1.29003812546	-0.606860582078594	-2.22204528578122	-1.22792189498986
22	0.970665161931282	-0.491443095413335	-0.840614287768126	0.63095113053047	-0.843271662824363
24	-1.77116433251165	-0.757641438762225	2.89944500326439	0.31395152871806	2.61858042666513
25	-1.77116433251165	0.839548621331115	1.4969227691272	-2.22204528578122	1.07997949800313
26	-0.0263637451388741	-0.225244752064445	-0.373106876389061	0.63095113053047	-1.22792189498986
27	0.970665161931282	-0.225244752064445	-1.07436799345766	0.63095113053047	-0.843271662824363
28	0.222893481628665	2.17054033807556	0.561907946369069	-0.32004767490676	2.23393019449963
29	1.21992238869882	1.10574696468	-0.840614287768126	1.26495033415529	-0.843271662824363
30	0.222893481628665	-0.225244752064445	0.795661652058601	0.94795073234288	1.07997949800313
31	-0.774135425441491	0.573350277982225	-0.139353170699529	-0.00304807309435023	-0.0739711984933649
32	-0.774135425441491	0.307151934633335	-0.606860582078594	0.31395152871806	-0.843271662824363
33	-0.0263637451388741	0.839548621331115	0.328154240679536	0.31395152871806	-0.843271662824363
34	0.222893481628665	1.37194530802889	0.561907946369069	0.94795073234288	1.84927996233413
35	0.222893481628665	1.37194530802889	-0.840614287768126	0.94795073234288	-0.843271662824363
36	1.7184368422339	0.839548621331115	-0.840614287768126	0.94795073234288	-0.0739711984933649
37	-0.524878198673952	-0.225244752064445	1.26316906343767	-1.5880460821564	0.310679033672134
40	-0.275620971906413	1.10574696468	0.0944005349900036	-0.00304807309435023	-0.843271662824363
41	-1.02339265220903	1.10574696468	-0.373106876389061	-1.5880460821564	-0.458621430658864
42	1.96769406900144	1.63814365137778	-0.373106876389061	0.94795073234288	-0.0739711984933649
43	0.222893481628665	-1.55623646880889	-0.840614287768126	-0.00304807309435023	-0.843271662824363
44	-0.275620971906413	-0.491443095413335	-0.840614287768126	0.94795073234288	-0.458621430658864
45	-0.275620971906413	0.0409535912844447	1.4969227691272	-0.63704727671917	1.46462973016863
46	0.721407935163743	-0.225244752064445	-0.606860582078594	0.63095113053047	-0.458621430658864
47	-1.27264987897657	0.0409535912844447	0.0944005349900036	-0.32004767490676	0.695329265837633
49	-1.52190710574411	-1.82243481215778	0.795661652058601	-1.90504568396881	-0.458621430658864
50	-1.27264987897657	-0.225244752064445	0.795661652058601	0.94795073234288	1.07997949800313
52	-0.275620971906413	-1.02383978211111	-0.840614287768126	0.31395152871806	-0.458621430658864
53	-0.774135425441491	0.307151934633335	0.0944005349900036	0.31395152871806	-0.458621430658864
54	0.970665161931282	1.10574696468	2.1981838861958	-0.00304807309435023	1.84927996233413
55	0.222893481628665	0.0409535912844447	-0.139353170699529	-0.32004767490676	0.310679033672134
56	-1.77116433251165	-1.02383978211111	1.96443018050626	-1.5880460821564	3.00323065883063
57	0.222893481628665	-1.55623646880889	-0.139353170699529	0.63095113053047	-0.458621430658864
58	0.472150708396204	0.573350277982225	0.0944005349900036	0.63095113053047	0.695329265837633
59	1.96769406900144	1.37194530802889	-0.373106876389061	-0.00304807309435023	-0.0739711984933649
60	-1.02339265220903	0.307151934633335	0.328154240679536	-0.32004767490676	0.695329265837633
61	0.970665161931282	-0.225244752064445	-1.07436799345766	1.26495033415529	-0.843271662824363
62	-0.524878198673952	0.839548621331115	0.561907946369069	-0.00304807309435023	0.310679033672134
63	1.46917961546636	0.307151934633335	-1.07436799345766	0.31395152871806	-0.843271662824363
64	-1.52190710574411	-1.55623646880889	-0.840614287768126	-1.27104648034399	-0.843271662824363
65	-0.774135425441491	1.63814365137778	1.4969227691272	0.31395152871806	1.46462973016863
66	-0.0263637451388741	-1.82243481215778	2.1981838861958	-0.32004767490676	1.07997949800313
67	0.222893481628665	-0.225244752064445	-0.373106876389061	0.63095113053047	-0.843271662824363
68	-0.0263637451388741	1.10574696468	-0.373106876389061	-0.63704727671917	0.695329265837633
69	0.472150708396204	1.90434199472667	-0.840614287768126	0.94795073234288	-0.843271662824363
70	0.970665161931282	0.839548621331115	1.26316906343767	1.5819499359677	0.695329265837633
71	1.21992238869882	0.307151934633335	-0.606860582078594	0.94795073234288	-0.458621430658864
72	0.970665161931282	1.37194530802889	-0.606860582078594	0.94795073234288	-0.458621430658864
73	-1.02339265220903	-0.757641438762225	-0.373106876389061	0.63095113053047	-0.458621430658864
74	1.21992238869882	0.307151934633335	-1.07436799345766	0.94795073234288	-0.0739711984933649
75	1.21992238869882	-0.757641438762225	-1.07436799345766	1.26495033415529	-0.843271662824363
76	-1.02339265220903	0.839548621331115	1.96443018050626	-0.32004767490676	-0.0739711984933649
77	0.222893481628665	0.0409535912844447	-0.840614287768126	1.26495033415529	-0.843271662824363
78	-0.524878198673952	-2.08863315550667	-0.840614287768126	0.63095113053047	-0.458621430658864
79	-0.774135425441491	-1.02383978211111	-0.373106876389061	-0.954046878531581	-0.458621430658864
81	-1.02339265220903	-1.55623646880889	1.4969227691272	-1.27104648034399	0.310679033672134
83	-0.275620971906413	0.839548621331115	0.0944005349900036	-0.00304807309435023	-0.0739711984933649
84	-0.774135425441491	0.573350277982225	-1.07436799345766	-0.63704727671917	-0.0739711984933649
86	-0.0263637451388741	0.573350277982225	0.795661652058601	0.31395152871806	0.695329265837633
87	-0.275620971906413	1.37194530802889	-0.139353170699529	-0.32004767490676	-0.458621430658864
88	1.46917961546636	-0.225244752064445	-0.840614287768126	1.26495033415529	-0.458621430658864
89	1.21992238869882	-0.225244752064445	-1.07436799345766	0.63095113053047	-0.843271662824363
90	1.21992238869882	-0.225244752064445	-0.373106876389061	-0.954046878531581	-0.0739711984933649
91	1.7184368422339	1.10574696468	-0.606860582078594	-0.00304807309435023	-0.458621430658864
92	0.472150708396204	0.0409535912844447	1.02941535774813	0.31395152871806	0.695329265837633
93	0.970665161931282	0.307151934633335	-1.07436799345766	1.5819499359677	-0.843271662824363
94	-1.52190710574411	-0.491443095413335	-0.840614287768126	-1.27104648034399	-0.458621430658864
95	1.21992238869882	0.839548621331115	-0.840614287768126	0.63095113053047	-0.458621430658864
96	0.721407935163743	0.573350277982225	-1.07436799345766	0.94795073234288	-0.458621430658864
97	-0.774135425441491	0.573350277982225	0.795661652058601	-1.27104648034399	-0.458621430658864
98	-1.02339265220903	-1.82243481215778	3.13319870895393	-0.00304807309435023	3.00323065883063
99	-1.52190710574411	-1.55623646880889	1.96443018050626	-0.00304807309435023	2.23393019449963
101	-1.52190710574411	-1.82243481215778	0.795661652058601	-1.90504568396881	1.07997949800313
102	0.222893481628665	-1.02383978211111	0.561907946369069	-0.32004767490676	0.695329265837633
103	-0.524878198673952	-1.29003812546	-0.840614287768126	-0.32004767490676	-0.843271662824363
104	1.46917961546636	-0.491443095413335	-1.07436799345766	1.5819499359677	-0.843271662824363
105	-0.275620971906413	-1.02383978211111	-0.373106876389061	-0.00304807309435023	-0.0739711984933649
106	-0.0263637451388741	0.0409535912844447	-0.373106876389061	0.63095113053047	-0.458621430658864
107	-1.02339265220903	-1.29003812546	-0.139353170699529	-2.22204528578122	-0.458621430658864
108	0.472150708396204	-1.02383978211111	-0.840614287768126	0.31395152871806	-0.458621430658864
109	0.970665161931282	0.573350277982225	0.0944005349900036	1.26495033415529	-0.458621430658864
110	0.472150708396204	1.63814365137778	-0.840614287768126	0.63095113053047	-0.458621430658864
111	-0.0263637451388741	-0.225244752064445	0.328154240679536	-1.90504568396881	-0.458621430658864
112	0.721407935163743	0.0409535912844447	-0.373106876389061	-0.32004767490676	-0.843271662824363
113	0.970665161931282	0.573350277982225	-0.139353170699529	-0.00304807309435023	-0.0739711984933649
114	0.472150708396204	0.307151934633335	0.795661652058601	-0.32004767490676	1.84927996233413
